0
0
0
1
0
0
0
0
0
0
0
1
0
0
0
0
0
0
0
0
0
0
0
0
0
1
0
0
2
1
0
0
0
0
1
2
0
1
0
0
0
0
0
0
0
1
0
2
0
0
0
2
0
0
0
0
0
1
0
0
0
1
0
0
4
2
0
0
1
3
0
1
0
2
2
3
1
1
2
1
0
1
3
1
1
0
4
0
0
1
1
0
0
0
0
0
0
1
1
1
0
2
1
0
1
4
0
3
2
1
0
0
0
1
0
4
1
1
0
0
1
5
4
1
1
4
3
5
1
2
1
4
0
0
0
1
0
2
0
4
4
4
4
0
2
6
2
0
1
1
0
2
3
4
0
4
2
0
4
2
2
1
5
5
2
0
2
2
0
0
4
1
2
4
3
4
4
3
0
3
5
0
0
0
2
1
1
2
1
2
2
0
0
1
0
3
5
5
7
3
2
3
5
0
4
4
3
0
0
7
1
1
0
0
1
1
0
3
2
1
1
2
4
3
4
8
4
6
1
1
4
0
3
2
4
3
0
3
3
6
5
8
5
3
1
7
2
5
4
7
3
5
2
4
2
3
0
0
0
5
5
4
4
2
7
2
4
4
0
3
3
1
4
4
7
6
4
3
5
5
4
3
8
4
8
2
2
9
10
14
3
0
5
0
5
2
8
11
6
6
6
11
0
1
4
0
1
6
1
0
4
2
1
3
4
2
7
4
2
2
14
2
11
3
2
6
3
0
6
9
4
6
0
1
11
9
9
0
15
4
11
2
10
4
5
1
2
6
3
4
12
6
5
1
1
0
2
2
3
0
10
7
0
4
2
2
15
8
5
4
8
3
4
15
4
6
4
12
1
3
4
4
18
15
6
8
6
9
1
7
1
8
4
8
1
6
5
2
9
11
3
6
11
4
2
3
5
8
11
0
6
5
0
10
1
7
8
6
17
2
20
5
7
1
6
18
5
0
5
15
5
1
2
3
8
5
11
8
6
9
25
9
15
0
2
13
9
7
2
5
13
3
1
12
12
25
15
0
4
10
14
0
8
5
9
17
6
3
3
7
8
9
8
4
10
10
11
11
15
11
14
7
4
15
23
29
4
11
2
8
8
9
9
5
7
9
14
8
6
2
